346
921
966
350
594
945
865
993
692
970
599
898
300
116
529
783
24
384
705
872
913
238
127
281
357
695
34
435
392
704
935
219
292
720
353
418
353
477
471
420
220
195
863
529
921
366
392
275
283
146
508
304
168
480
76
529
897
684
118
616
270
910
643
66
218
666
866
532
107
508
146
124
625
861
426
231
173
654
463
746
60
694
52
301
396
640
373
145
967
377
632
586
411
605
556
351
5
94
1
298
322
312
150
964
764
300
483
819
881
328
111
752
303
604
619
182
877
629
659
496
154
445
929
616
781
33
981
375
356
266
904
557
120
861
868
460
410
657
122
252
679
234
363
386
508
560
735
973
646
669
905
508
338
234
315
503
182
869
855
129
736
920
359
664
587
754
579
295
458
791
787
663
642
41
273
104
947
585
772
366
557
968
857
454
586
188
329
300
831
552
176
122
161
811
854
66
353
646
772
422
99
875
446
94
942
166
359
451
768
734
113
574
858
362
874
499
153
777
263
737
148
852
905
124
15
573
861
949
572
557
835
160
367
831
495
203
997
604
591
598
175
607
924
644
945
548
905
395
267
821
591
193
54
276
211
390
21
650
199
170
354
162
938
851
86
995
407
266
230
416
542
45
92
816
686
943
304
542
870
329
38
962
664
593
649
186
271
868
349
185
514
267
557
360
381
2
289
257
796
964
491
468
81
386
841
150
223
562
221
673
923
675
913
594
769
380
175
402
391
459
943
853
389
355
493
663
39
932
216
318
904
620
54
164
56
350
159
233
719
150
24
744
357
256
126
754
715
952
763
624
714
731
933
99
873
11
771
446
476
767
975
136
513
116
363
664
909
273
152
560
877
107
347
538
984
230
779
85
394
354
738
375
605
226
587
133
745
67
374
905
699
71
421
958
819
325
627
586
195
583
501
637
137
507
413
869
681
485
434
680
302
362
392
234
515
73
685
580
824
349
633
235
536
547
211
569
506
766
747
798
920
680
867
303
969
45
74
415
336
82
585
618
680
564
215
846
451
525
199
226
734
742
228
922
401
823
128
887
854
781
77
588
881
452
359
875
222
480
274
884
223
207
6
956
676
326
481
61
521
297
707
251
460
797
79
914
375
229
270
413
861
896
347
29
379
869
112
225
386
135
22
66
900
865
427
702
40
960
894
672
698
484
684
514
825
528
386
784
841
338
932
655
598
959
336
296
445
671
735
195
450
989
262
173
585
284
18
748
716
327
532
152
645
511
775
243
235
887
522
309
665
591
402
504
778
697
347
881
922
856
535
375
488
617
35
958
893
319
60
143
357
196
61
434
384
100
296
619
567
670
736
375
399
127
165
495
509
224
612
900
43
158
113
482
5
537
807
453
790
370
422
382
433
465
889
484
721
109
234
983
787
279
606
816
56
397
825
388
15
371
604
319
551
120
420
149
245
146
439
93
289
838
688
337
419
887
493
599
806
826
515
45
536
513
48
874
660
50
749
122
548
752
224
113
510
291
994
30
444
977
637
191
182
550
722
558
159
724
457
58
24
938
348
117
495
537
441
373
221
825
58
554
624
82
281
61
645
501
191
856
441
911
933
882
854
206
768
514
279
506
14
624
696
855
419
36
567
906
123
250
176
487
801
877
501
932
596
955
889
485
514
452
58
8
666
919
605
502
618
589
972
414
54
2
769
561
129
381
633
578
340
474
656
750
113
890
421
413
866
827
209
351
507
511
774
37
665
480
641
42
461
101
16
685
946
353
940
610
763
956
5
199
970
363
146
524
52
767
966
691
511
751
609
77
519
109
106
383
502
899
645
133
291
479
947
690
50
691
970
806
919
199
391
516
944
260
694
13
790
874
274
536
862
549
306
930
79
652
898
131
566
589
161
700
640
761
845
936
111
546
102
876
94
287
850
382
936
193
789
278
801
674
26
458
818
96
506
278
175
16
969
468
684
409
766
56
566
950
728
549
73
623
61
117
652
255
567
530
456
743
20
560
745
193
729
108
875
247
878
926
881
778
409
654
839
789
584
863
315
948
142
557
352
501
571
410
750
170
655
772
820
656
223
955
776
852
569
907
74
859
480
547
402
281
289
236
6
943
641
814
74
933
793
674
636
942
578
244
832
236
960
611
777
69
442
838
63
88
808
374
162
663
348
376
659
954
819
509
126
888
697
791
6
165
840
753
771
140
485
25
856
240
692
643
159
332
284
279
827
320
362
811
371
798
293
849
518
480
756
725
469
126
854
992
126
45
452
375
855
876
256
30
541
55
816
338
807
175
735
140